0001(121),0002(46),0003(48),0004(46),0005(46),0006(47),0007(68),0091(46)
TW07-0001(232),0002(102),0004(102),0005(102),0006(102),0010(102),0011(102)	0012(102),0013(105),0014(104),0015(102),0016(102),0017(102),0018(102),0019(102)	0020(102),0021(102),0022(102),0023(102),0024(119),0025(102),0029(102),0035(102),0049(102),0050(102),0052(102),0054(102),0055(102),0056(102),0088(105),
0090(104),0091(103),MB01(102),MB03(102),MB04(102),WB02(102),WB05(102),WB06(102),WB07(102)







0001, 0002, 0003, 0004, 0005, 0006, 0007, 0091
TW07-0001, 0002, 0004, 0005, 0006, 0010, 0011, 0012, 0013, 0014, 0015, 0016, 0017, 0018, 0019, 0020, 0021, 0022, 0023, 0024, 0025, 0029, 0035, 0049, 0050, 0052, 0054, 0055, 0056, 0088, 0090, 0091, MB01, MB03, MB04, WB02, WB05, WB06, WB07





0001(1747),0002(1747),0003(1747),0004(1747),0005(1747),0006(1747),
0007(1747)
TW05-0001(222),0002(222),0003(21),0004(222)







0001, 0002, 0003, 0004, 0005, 0006, 0007
TW05-0001, 0002, 0003, 0004








0001(266),0002(227),0004(227),0005(227)	0006(227)	0010(227)	0011(227)	0012(227)	0013(227)	0014(230)	0015(227)	0016(229)	0017(227)	0018(227)	0019(227)	0020(227)	0021(227)	0022(227)	0023(228)	0024(232)	0025(227)	0029(231)	0035(227)	0049(227)	0050(227)	0052(227)	0054(247)	0055(236)	0056(227)	0088(227)	0090(233)	0091(226)	MB01(227)	MB03(227)	MB04(227)	WB02(227)	WB05(227)	WB06(227)	WB07(227)
0001(418)	0002(364)	0004(364)	0005(364)	0006(364)	0010(364)	0011(364)	0012(364)	0013(364)	0014(364)	0015(364)	0016(364)	0017(364)	0018(364)	0019(364)	0020(364)	0021(364)	0022(364)	0023(364)	0024(364)	0025(364)	0029(364)	0035(364)	0049(364)	0050(364)	0052(364)	0054(364)	0056(364)	0088(364)	MB01(364)	MB03(364)	MB04(364)	WB02(364)	WB05(364)	WB06(364)	WB07(364)0001(104)	0002(97)	0004(100)	0005(106)	0006(112)	0010(97)	0011(97)	0012(97)	0013(110)	0014(97)	0015(97)	0016(97)	0017(97)	0018(97)	0019(97)	0020(97)	0021(97)	0022(97)	0023(97)	0024(99)	0025(97)	0029(97)	0035(97)	0049(97)	0050(97)	0052(97)	0054(97)	0055(97)	0056(97)	0088(115)	0090(59)	0091(19)	0092(1)	MB01(97)	MB03(97)	MB04(97)	WB02(97)	WB05(98)	WB06(97)	WB07(97)0001(47)	0002(34)	0004(34)	0005(34)	0006(34)	0010(34)	0011(34)	0012(34)	0013(34)	0014(34)	0015(34)	0016(34)	0017(34)	0018(34)	0019(34)	0020(34)	0021(34)	0022(34)	0023(34)	0024(34)	0025(34)	0029(34)	0035(34)	0049(34)	0050(34)	0052(34)	0054(34)	0056(34)	0088(34)	MB01(34)	MB03(34)	MB04(34)	WB02(34)	WB05(34)	WB06(34)	WB07(34)0001(90)	0002(52)	0003(16)	0004(52)	0005(69)	0006(67)	0007(16)	0010(36)	0011(36)	0012(36)	0013(40)	0014(36)	0015(36)	0016(36)	0017(36)	0018(36)	0019(36)	0020(36)	0021(36)	0022(36)	0023(48)	0024(39)	0025(47)	0029(36)	0035(36)	0049(36)	0050(36)	0052(36)	0054(36)	0055(36)	0056(36)	0088(37)	0090(49)	0091(52)	MB01(36)	MB03(36)	MB04(36)	WB02(36)	WB05(36)	WB06(36)	WB07(36)
