0001(418)	0002(364)	0004(364)	0005(364)	0006(364)	0010(364)	0011(364)	0012(364)	0013(364)	0014(364)	0015(364)	0016(364)	0017(364)	0018(364)	0019(364)	0020(364)	0021(364)	0022(364)	0023(364)	0024(364)	0025(364)	0029(364)	0035(364)	0049(364)	0050(364)	0052(364)	0054(364)	0056(364)	0088(364)	MB01(364)	MB03(364)	MB04(364)	WB02(364)	WB05(364)	WB06(364)	WB07(364)



0001 0002 0004 0005 0006 0010 0011 0012 0013 0014 0015 0016 0017 0018 0019 0020 0021 0022 0023 0024 0025 0029 0035 0049 0050 0052 0054 0056 0088 MB01 MB03 MB04 WB02 WB05 WB06 WB07




TW07-0001(266),0002(227),0004(227),0005(227)	0006(227)	0010(227)	0011(227)	0012(227)	0013(227)	0014(230)	0015(227)	0016(229)	0017(227)	0018(227)	0019(227)	0020(227)	0021(227)	0022(227)	0023(228)	0024(232)	0025(227)	0029(231)	0035(227)	0049(227)	0050(227)	0052(227)	0054(247)	0055(236)	0056(227)	0088(227)	0090(233)	0091(226)	MB01(227)	MB03(227)	MB04(227)	WB02(227)	WB05(227)	WB06(227)	WB07(227)




Certainly! Here's the list with the numbers removed from the braces:

TW07-0001(47)	0002(34)	0004(34)	0005(34)	0006(34)	0010(34)	0011(34)	0012(34)	0013(34)	0014(34)	0015(34)	0016(34)	0017(34)	0018(34)	0019(34)	0020(34)	0021(34)	0022(34)	0023(34)	0024(34)	0025(34)	0029(34)	0035(34)	0049(34)	0050(34)	0052(34)	0054(34)	0056(34)	0088(34)	MB01(34)	MB03(34)	MB04(34)	WB02(34)	WB05(34)	WB06(34)	WB07(34)
